0.261394202709198
0.35106998682022095
0.38968023657798767
0.4010910987854004
0.43850135803222656
0.4585675895214081
0.47232285141944885
0.4762449860572815
0.49808892607688904
0.4933112561702728
0.5018666386604309
0.510188639163971
0.4979889392852783
0.5185440182685852
0.5120219588279724
0.5370213985443115
0.5351769924163818
0.5166552066802979
0.5433657169342041
0.5409213304519653
0.5521988272666931
0.5450656414031982
0.5552987456321716
0.5481211543083191
0.5628430247306824
0.5341214537620544
0.5776205062866211
0.5452879071235657
0.5571209788322449
0.5649318695068359
0.5795871019363403
0.5670874118804932
0.5691317915916443
0.580664873123169
0.5874980688095093
0.5743094682693481
0.5746094584465027
