0.007868393267878655
0.007202318830147433
0.006852379187152469
0.006682029296492436
0.0064959335026747705
0.006346404156428767
0.006203378018521009
0.006161771457234117
0.005995034354943302
0.005903587681365403
0.005888360719151403
0.005742776455083123
0.005814373795846995
0.005733984144806149
0.005671997549364253
0.00558730944196732
0.005597201287806033
0.005576049803903385
0.005483006497112471
0.005442842810353328
0.005348858181040742
0.005374680244033357
0.005362593715200053
0.005353525498504572
0.005352070984110636
0.005424963953373117
0.005199816654195828
0.0052410067101298
0.0052466819084807746
0.005193555806865189
0.005130784448280681
0.0051512596431100306
0.005148644095773032
0.005084006191001983
0.005013018669026399
0.00511813798466459
0.005033543524017668
