0.007868393267878655
0.007202318830147433
0.006852379187152469
0.006682029296492436
0.0064959335026747705
0.006346404156428767
0.006203378018521009
0.006161771457234117
0.005995034354943302
0.005903587681365403
0.005888360719151403
0.005742776455083123
0.005814373795846995
0.005733984144806149
0.005671997549364253
0.00558730944196732
0.005597201287806033
0.005576049803903385
0.005483006497112471
0.005442842810353328
0.005348858181040742
0.005374680244033357
0.005362593715200053
0.005353525498504572
0.005352070984110636
0.005424963953373117
0.005199816654195828
0.0052410067101298
0.0052466819084807746
0.005193555806865189
0.005130784448280681
0.0051512596431100306
0.005148644095773032
0.005084006191001983
0.005013018669026399
0.00511813798466459
0.005033543524017668
0.0051287829445468055
0.004986722134219275
0.005006013656324811
0.005060019248723984
0.005068412833743625
0.0049720137983560566
0.004954937831891907
0.005078561319245232
0.004901398060056898
0.004905508887767792
0.004933680036332872
0.004869657497273551
0.004903184915913476
0.004919560782445802
0.004794880837533209
0.00484268172317081
0.004874032794104682
0.004865147331688139
0.004818389423025979
0.0048135666443241965
0.004759534220563041
0.004827050645815002
0.0048067276424831815
0.004776997522181935
0.004680583624707328
0.00473885202176041
0.00468630626267857
0.004660064841310183
0.004704314209355249
0.004696497293644481
0.004819432928827074
0.00470214146706793
0.0022609432415829763
0.002226328465011385
0.002251742684178882
0.0022434990025228924
0.002214155662059784
0.0022422510796123083
0.0022702163414822685
0.002325303448571099
0.002208536337150468
0.002194057372543547
0.0021787891060113906
0.0022319668660561245
0.0021764431267976762
0.002244033458166652
0.002179849107729064
0.002266964093512959
0.0022792466041114596
0.00229475054177973
0.002184906044602394
0.0021943617506159675
0.0021091937796937094
0.0022237002028359307
0.002181249964899487
0.0021820657163858412
0.0022829312549697027
0.002141443897287051
0.0021908990807003445
0.0022052503152026072
0.0021971417725086214
0.002187251226769553
0.002196138370368216
0.0021384410328335233