0.261394202709198
0.35106998682022095
0.38968023657798767
0.4010910987854004
0.43850135803222656
0.4585675895214081
0.47232285141944885
0.4762449860572815
0.49808892607688904
0.4933112561702728
0.5018666386604309
0.510188639163971
0.4979889392852783
0.5185440182685852
0.5120219588279724
0.5370213985443115
0.5351769924163818
0.5166552066802979
0.5433657169342041
0.5409213304519653
0.5521988272666931
0.5450656414031982
0.5552987456321716
0.5481211543083191
0.5628430247306824
0.5341214537620544
0.5776205062866211
0.5452879071235657
0.5571209788322449
0.5649318695068359
0.5795871019363403
0.5670874118804932
0.5691317915916443
0.580664873123169
0.5874980688095093
0.5743094682693481
0.5746094584465027
0.5755333304405212
0.5880666375160217
0.5859000086784363
0.5874444246292114
0.5748444199562073
0.5714222192764282
0.5877888798713684
0.5620444416999817
0.6045222282409668
0.6021333336830139
0.5785555839538574
0.6051333546638489
0.5939444303512573
0.573211133480072
0.6069333553314209
0.5849666595458984
0.5903111100196838
0.5948888659477234
0.5933333039283752
0.6037999987602234
0.5912444591522217
0.5925889015197754
0.6044999957084656
0.6087777614593506
0.6081444621086121
0.6208555698394775
0.6157222390174866
0.6215000152587891
0.6249111294746399
0.6260555386543274
0.5764889121055603
0.6151333451271057
0.6449999809265137
0.6342555284500122
0.6377778053283691
0.6343555450439453
0.6529333591461182
0.6193666458129883
0.6284444332122803
0.6071110963821411
0.6543777585029602
0.649055540561676
0.6384999752044678
0.6362555623054504
0.6431778073310852
0.6505444645881653
0.6719555258750916
0.605555534362793
0.6232555508613586
0.6089000105857849
0.6477333307266235
0.6442221999168396
0.6685777902603149
0.6362333297729492
0.6577555537223816
0.6480333209037781
0.6102666854858398
0.6413000226020813
0.6507333517074585
0.626622200012207
0.6434666514396667
0.6428999900817871
0.6536111235618591
0.6538110971450806
